0 5458 OsmRoadJoinLarge1_buffer_forgeoda ORIG_FID
0 3507        0.245394347
0 3508        0.160576369
0 694       0.0897522804
0 3531        0.109043106
0 889       0.0685463888
1 515        0.193443522
1 211       0.0767972479
1 4749       0.0055321839
1 4711      0.00870116634
1 4735       0.0048849147
2 4249        0.185455807
2 1684       0.0822531007
2 5380         0.15508823
2 1680       0.0758507368
2 4246        0.153813054
3 2921       0.0706338803
3 2922       0.0237694332
3 3112        0.055445346
3 2916      0.00711930762
3 3139       0.0387746543
4 2940        0.143805233
4 2935        0.138471909
4 2944       0.0654779972
4 7       0.0183297861
4 2945       0.0638661254
5 2164        0.114930699
5 343       0.0517499687
5 2170        0.101261667
5 2174       0.0230570973
5 2169       0.0573042533
6 2938        0.219792926
6 43       0.0739377602
6 45        0.192957965
6 4708      0.00788629466
6 44        0.185621776
7 2934        0.141424203
7 2945       0.0667132228
7 2935        0.139604498
7 2944       0.0654691001
7 4       0.0183297861
8 12        0.252438257
8 2173        0.198328726
8 2170        0.234557048
8 2171        0.181100656
8 2163      0.00730317344
9 5437       0.0791293004
9 5439       0.0364505515
9 5438       0.0674703269
9 2165       0.0204412417
9 5436       0.0415318915
10 2943        0.204864034
10 2942        0.204437999
10 4384        0.175158621
10 3276       0.0196780124
10 3647        0.151398983
11 3085        0.147090729
11 1018        0.118341853
11 2920        0.141883068
11 2928          0.0214264
11 2929       0.0420131778
12 2162       0.0857980006
12 2171       0.0780964531
12 2173       0.0816987757
12 343       0.0661883697
12 2950       0.0550488134
13 297        0.820682056
13 2647        0.791921692
13 299        0.739104275
13 300        0.715352781
13 4051       0.0100669977
14 4860        0.285062915
14 4858        0.256864809
14 4777        0.267837715
14 4857        0.149505329
14 793      0.00941727483
15 3898       0.0990789321
15 803       0.0959611803
15 2577         0.08613649
15 810       0.0951724081
15 3903       0.0597535944
16 3634       0.0525609073
16 4068       0.0380205068
16 4072       0.0501116074
16 4070       0.0322947521
16 1748       0.0402866891
17 666        0.102254299
17 663       0.0690161415
17 665       0.0981773642
17 703       0.0482159688
17 697       0.0504060098
18 1608       0.0995841262
18 1332        0.034628125
18 3007       0.0703161445
18 1609       0.0299491648
18 1331       0.0621551142
19 2780        0.103159502
19 4539       0.0894586279
19 4566        0.102506076
19 2779       0.0212510348
19 2775       0.0753597623
20 303       0.0743534795
20 1981       0.0655923642
20 1318       0.0719711846
20 1314       0.0406277627
20 304       0.0407129633
21 2244        0.209583401
21 2220        0.201990782
21 2259        0.182842774
21 1120       0.0113021225
21 2236        0.157337195
22 4211        0.132170063
22 1700        0.100537541
22 4712         0.11144083
22 4714      0.00607253996
22 4715        0.109743326
23 2135        0.138370584
23 2104        0.102238829
23 4393       0.0396835367
23 2133       0.0988192746
23 24       0.0150785642
24 2135        0.127382386
24 2104        0.117286118
24 4393       0.0437127977
24 23       0.0150785642
24 2133       0.0933140369
25 3365        0.139305453
25 317       0.0414851927
25 3992       0.0699619895
25 315       0.0372054467
25 3993       0.0626592313
26 5318        0.263253984
26 4732        0.164121612
26 180         0.19257691
26 1577      0.00939272549
26 1308        0.170654379
27 4654        0.137933729
27 4869       0.0846274027
27 5375        0.111421987
27 5029       0.0298040785
27 4871       0.0858771936
28 64        0.163178958
28 2488         0.11074686
28 2483        0.158851969
28 2489      0.00739389505
28 2480        0.110649208
29 83        0.348250932
29 2485        0.263629871
29 2478        0.329369773
29 2484        0.257955677
29 4647        0.308440422
30 4029        0.275676985
30 840        0.100410845
30 4030        0.270334807
30 2496      0.00722454689
30 2492       0.0447829218
31 4591       0.0696196599
31 433       0.0431298856
31 66       0.0532635322
31 432       0.0353947856
31 4984       0.0519144399
32 4642        0.210932627
32 4629        0.209273581
32 5038        0.152514388
32 5381       0.0700300735
32 4863        0.073594082
33 542        0.200769657
33 428        0.167821322
33 1527        0.183948309
33 535       0.0658271866
33 1526        0.120879152
34 1528        0.396082139
34 541        0.220586291
34 534        0.345853339
34 537        0.207676542
34 4868        0.256242821
35 3267        0.235519498
35 3002        0.230912247
35 2765        0.231112743
35 973        0.206284189
35 4533       0.0128650874
36 2993        0.130257648
36 991        0.128197253
36 2994       0.0614385411
36 2873       0.0560826618
36 4567       0.0480876688
37 2721        0.134678779
37 2710       0.0108869328
37 2704        0.105161171
37 2714      0.00655952669
37 2722       0.0984206693
38 1568        0.205990428
38 1688         0.15100257
38 3786        0.108271031
38 4690       0.0735904163
38 4778       0.0304187953
39 5442        0.338827939
39 94        0.229372729
39 5444        0.325575243
39 87        0.154927362
39 4646        0.304350564
40 2568        0.250676009
40 76        0.211702259
40 5005        0.249920321
40 4170        0.144161571
40 5000        0.215194844
41 3920        0.516652103
41 4308        0.356299064
41 4858        0.400144647
41 42      0.00789347109
41 1336        0.398268447
42 3920        0.515359322
42 4308         0.36015941
42 4858        0.400404299
42 41      0.00789347109
42 1336        0.398150975
43 2940        0.231257449
43 45        0.119836259
43 2938        0.219970014
43 6       0.0739377602
43 4708       0.0660734287
44 2938        0.265573775
44 4708        0.193279224
44 43        0.256910084
44 6        0.185621776
44 2940        0.244763998
45 6        0.192957965
45 4538        0.179798714
45 4708        0.185215745
45 43        0.119836259
45 4696        0.176854606
46 127        0.766546733
46 4693        0.723410434
46 4804        0.690227342
46 802        0.669705066
46 5014        0.590666609
47 1499        0.234373352
47 1498        0.183300467
47 1501        0.199695676
47 3151      0.00477196841
47 4142        0.193590618
48 2994       0.0878287437
48 2838       0.0392230641
48 980       0.0537944297
48 942       0.0388103021
48 976       0.0494071729
49 2873        0.124923806
49 975        0.014652062
49 991       0.0501812013
49 2839       0.0101246729
49 2993       0.0181325078
50 3278       0.0970281574
50 2896       0.0493166784
50 3222       0.0952104688
50 2902       0.0189718388
50 1093       0.0889109098
51 570        0.112582024
51 912        0.102989775
51 926        0.112426581
51 2960       0.0212679587
51 577       0.0744452733
52 647        0.329659102
52 132        0.302731658
52 648        0.319446382
52 1367        0.171838187
52 695        0.297139664
53 1628        0.183888873
53 4991        0.118124462
53 54        0.164925372
53 4982       0.0608424501
53 4997       0.0974490114
54 53        0.164925372
54 4955        0.156558996
54 4991        0.140424949
54 4965       0.0875493066
54 4997        0.105449597
55 4954       0.0939222969
55 3054       0.0393715632
55 3269       0.0628211878
55 3270       0.0220383165
55 5143       0.0441571746
56 335        0.294729741
56 4536       0.0494566273
56 4991        0.262951362
56 3271       0.0462105715
56 2804        0.256371574
57 1206       0.0481693237
57 2161        0.043359567
57 2175       0.0190611236
57 1207       0.0264590612
57 4705      0.00726823988
58 2940        0.269018688
58 136        0.232824284
58 44        0.266456017
58 140        0.217451579
58 4379        0.231349726
59 2935       0.0933048676
59 2936       0.0784292629
59 4375       0.0920337717
59 60       0.0188815502
59 2937        0.084078894
60 4375        0.100572854
60 2935       0.0896283824
60 2937       0.0903229204
60 59       0.0188815502
60 2936       0.0795416527
61 2790       0.0246482206
61 4267       0.0168044684
61 4266       0.0162278412
61 2856      0.00895464915
61 2806      0.00788871165
62 5180        0.160339996
62 4323        0.156970574
62 5185        0.131255899
62 5182        0.106525345
62 5184        0.111719882
63 1964        0.416508799
63 1185        0.409372075
63 1963        0.414126844
63 1959      0.00921546647
63 4257        0.399562049
64 2489        0.170161981
64 28        0.163178958
64 2474        0.166076135
64 2482        0.100186066
64 2488         0.10125872
65 4664         0.10939273
65 2028       0.0565894214
65 4531       0.0876772898
65 4519      0.00679058735
65 4528       0.0198926852
66 431       0.0811984906
66 432        0.067862522
66 434       0.0800812924
66 433       0.0101471052
66 31       0.0532635322
67 4984       0.0590849188
67 4591       0.0355827886
67 432       0.0494392368
67 3076        0.015883579
67 584       0.0269504247
68 31        0.103333949
68 430        0.043078736
68 4591       0.0987785247
68 69        0.021135675
68 4984       0.0778782776
69 4591       0.0855698579
69 430       0.0606318279
69 31       0.0823505514
69 68        0.021135675
69 4984       0.0618608679
70 2229        0.213106057
70 532        0.194902118
70 1740        0.157597779
70 439        0.165135795
70 4602      0.00555442017
71 2245        0.163789434
71 4597        0.121395988
71 2286        0.129952494
71 2242       0.0801211389
71 1740        0.105695696
72 2245        0.233588466
72 2286        0.157359353
72 2242        0.222646539
72 73      0.00927400782
72 4597        0.164260331
73 2245        0.236716092
73 2286        0.153920518
73 2242        0.222039928
73 72      0.00927400782
73 4597        0.161283001
74 47        0.303954333
74 1536       0.0888629441
74 526        0.161612559
74 3098      0.00726096309
74 525        0.148653452
75 4239        0.223847691
75 1485        0.219819511
75 1481        0.204104213
75 1479        0.198002698
75 4171      0.00869596244
76 62        0.210232881
76 5005        0.124395018
76 2568        0.167869578
76 5003        0.104138339
76 5000        0.135992973
77 78        0.173159795
77 2483         0.15504582
77 2480          0.1352309
77 2445         0.12493815
77 5390       0.0921955169
78 77        0.173159795
78 2480        0.132777372
78 2444        0.148538654
78 2446       0.0876147099
78 2481         0.12516698
79 93        0.209885608
79 80        0.173865261
79 2438        0.175866626
79 82        0.169096623
79 2621        0.146735418
80 4170        0.196161421
80 93         0.13033898
80 79        0.173865261
80 82        0.067322518
80 2348       0.0683070951
81 40        0.311045763
81 2621          0.2183177
81 2618          0.3038337
81 1563        0.202305792
81 4321        0.103795277
82 4170        0.238016383
82 80        0.067322518
82 79        0.169096623
82 93       0.0656470768
82 2348       0.0809570974
83 4254          0.2377652
83 1123        0.176663698
83 1111        0.181710049
83 4208       0.0946644007
83 4207         0.13709046
84 3982        0.281119049
84 4646        0.248629202
84 4322        0.268637833
84 3763        0.236742677
84 3744        0.256182833
85 2620        0.252127994
85 1563        0.122613821
85 2618        0.244488662
85 86       0.0520424766
85 3946        0.192444075
86 2618        0.294800098
86 1563        0.144825618
86 4322        0.283987786
86 85       0.0520424766
86 3946        0.228179155
87 4647         0.32508319
87 5444        0.301285825
87 3883        0.312486219
87 39        0.154927362
87 5442        0.309069843
88 3752        0.171101966
88 4259        0.134836131
88 3767        0.154140273
88 3765       0.0997833234
88 3746        0.148835047
89 3779         0.20784055
89 1177        0.190414702
89 2622        0.151185418
89 3874        0.179630712
89 3873        0.100197255
90 4685        0.269902328
90 4689        0.182950822
90 2622        0.221706114
90 4663        0.120792029
90 4694        0.192788635
91 1821       0.0570597874
91 1835        0.041971662
91 4421       0.0567186366
91 4420       0.0225475321
91 905       0.0187374313
92 2432        0.238567235
92 2429         0.22946122
92 2569        0.231771313
92 2567        0.218663308
92 2573        0.123844371
93 2438        0.228402956
93 80         0.13033898
93 79        0.209885608
93 82       0.0656470768
93 2348        0.115327447
94 84        0.281750165
94 39        0.229372729
94 2623        0.266909169
94 4646         0.10432142
94 4322        0.227850156
95 2154        0.146502924
95 2186       0.0843493821
95 2185        0.105925936
95 2148       0.0832504812
95 2160       0.0970302443
96 4888       0.0965736944
96 99       0.0762160658
96 98       0.0669549205
96 102      0.00639201216
96 97       0.0615763337
97 101        0.075037253
97 102       0.0640832772
97 4888       0.0585755241
97 96       0.0615763337
97 5128       0.0484274943
98 5427       0.0950119473
98 102       0.0725065457
98 206       0.0833232428
98 96       0.0669549205
98 100       0.0614313758
99 97        0.128786252
99 4887       0.0713574835
99 98        0.124845529
99 102       0.0706196927
99 96       0.0762160658
100 102        0.117112232
100 96        0.113560497
100 206        0.100736475
100 98       0.0614313758
100 5427       0.0416598269
101 102        0.107680614
101 4888       0.0164700412
101 97        0.075037253
101 103      0.00524155522
101 5128       0.0608688285
102 4888       0.0951111126
102 99       0.0706196927
102 98       0.0725065457
102 96      0.00639201216
102 97       0.0640832772
103 4887        0.105664619
103 4888       0.0207194991
103 97       0.0789823923
103 101      0.00524155522
103 5128       0.0661061239
104 1386         1.19055626
104 1932         1.11708403
104 1365         1.12797505
104 1921         1.10887942
104 1355         1.08137559
105 1697        0.197962916
105 1696        0.195443242
105 4151        0.170954024
105 1861         0.17825862
105 4150        0.129222835
106 4151        0.424240886
106 105        0.284101762
106 4150        0.404361234
106 4162        0.254122006
106 4379        0.256252764
107 4150        0.433022562
107 105        0.386125046
107 1697          0.4065728
107 1861        0.380061987
107 4378        0.398875165
108 4386        0.436254148
108 4385        0.420684616
108 107        0.433630308
108 4378        0.280347588
108 885        0.427430131
109 4206        0.659134279
109 44        0.519650875
109 4708        0.617363198
109 4728       0.0226058886
109 6        0.611166091
110 5090        0.327008683
110 4003        0.248122284
110 5099       0.0872694947
110 5063        0.203083705
110 1024       0.0832566797
111 4261        0.333046923
111 5045        0.140552285
111 4860        0.319593928
111 2586       0.0444703378
111 4859        0.179829596
112 1813         0.18512925
112 235        0.172892737
112 239        0.176617655
112 238        0.163785764
112 242       0.0968491778
113 4841        0.175188899
113 4844       0.0999981904
113 507        0.170482181
113 511       0.0605732713
113 3023        0.103614523
114 3955        0.314507252
114 2672        0.246551881
114 2684        0.284162243
114 1315       0.0105127773
114 3953        0.281345173
115 3463        0.257445097
115 3456         0.17903149
115 2976        0.203078501
115 3455       0.0606559039
115 3414       0.0978810565
116 3219       0.0858148754
116 2716       0.0131509814
116 974       0.0786108528
116 2707       0.0103948542
116 2727      0.00571855768
117 2716        0.205817669
117 715        0.199130137
117 2718        0.198546643
117 2574        0.164799059
117 3360        0.180598589
118 1730         0.30767187
118 2712        0.277877331
118 2713        0.277005269
118 2706        0.141932633
118 1538        0.189990689
119 498         0.27457004
119 497        0.260768519
119 4845        0.186289755
119 121        0.245423772
119 1713        0.179886053
120 2749        0.242830925
120 3185        0.219207195
120 2756        0.230138411
120 3366      0.00521807021
120 3186         0.19920868
121 495        0.360152898
121 119        0.245423772
121 499        0.286232506
121 122         0.24376425
121 497        0.213769412
122 121         0.24376425
122 3169         0.21741869
122 3168        0.228710979
122 497        0.165400117
122 4850        0.194958239
123 472         0.15874136
123 478        0.132254399
123 481        0.151297571
123 475       0.0841881163
123 483       0.0556000724
124 798       0.0854209186
124 4771       0.0280569096
124 4807       0.0338701549
124 1689       0.0180198843
124 4816        0.028420846
125 3300        0.334737159
125 3298         0.33024424
125 5055        0.322953482
125 4437      0.00713954727
125 3301        0.316051514
126 3609        0.314835743
126 4835        0.206592388
126 1795        0.174468014
126 1806        0.190383604
126 571        0.157857079
127 3809        0.582281334
127 4693        0.310014546
127 4684        0.155377733
127 4695        0.153529009
127 4687       0.0367445197
128 3808        0.292099917
128 4677        0.288460169
128 3809        0.285402136
128 4670        0.248708042
128 4673        0.194572347
129 1768        0.676468626
129 4799        0.243964521
129 4788        0.665233621
129 4789        0.222482987
129 2615        0.649347967
130 1026        0.357192053
130 917       0.0749863402
130 919       0.0412807119
130 916       0.0716845071
130 918       0.0651243264
131 4091         1.00473278
131 610        0.750416113
131 4913        0.833263097
131 4788        0.713465213
131 4775        0.747034848
132 4580        0.417379368
132 1755        0.242926151
132 52        0.302731658
132 695       0.0835463506
132 3530        0.279853959
133 4005        0.095775171
133 4019       0.0931131839
133 1756       0.0942435928
133 767        0.059494642
133 4277       0.0939002673
134 1647        0.186469162
134 1436        0.176425611
134 737        0.186058872
134 3628        0.175865272
134 1437       0.0595652054
135 4447       0.0718484219
135 3628       0.0503019716
135 768       0.0671189403
135 3629       0.0341162521
135 4281       0.0670977644
136 59        0.133628191
136 4344        0.106699115
136 60        0.133315451
136 140       0.0157502868
136 4375       0.0660599662
137 3652        0.211232458
137 3408        0.170099814
137 4345         0.19481545
137 4346        0.128695405
137 3121       0.0124174486
138 2934       0.0227352259
138 2939       0.0189991375
138 142      0.00870936004
138 141      0.00234095557
138 139       0.0147441006
139 2935       0.0222762665
139 2934       0.0220267758
139 138       0.0147441006
139 141       0.0164604611
139 142       0.0100092309
140 59        0.134766587
140 4344         0.12239438
140 60        0.132232303
140 136       0.0157502868
140 4375       0.0770663768
141 2934       0.0218861232
141 2939       0.0166905619
141 142      0.00913151101
141 139       0.0164604611
141 138      0.00234095557
142 2939       0.0200480292
142 139       0.0100092309
142 2934       0.0154809438
142 141      0.00913151101
142 138      0.00870936004
143 714        0.337659515
143 3457        0.336650324
143 3495        0.335380367
143 3492        0.185388209
143 3493        0.251210015
144 1103       0.0965104368
144 564       0.0753346181
144 193       0.0729512867
144 189        0.038387851
144 1394       0.0647971382
145 259        0.123146919
145 257        0.080834001
145 1106       0.0933295026
145 1105       0.0396189598
145 332       0.0250463767
146 329       0.0941784485
146 327       0.0682541996
146 1304       0.0884768466
146 324       0.0387209253
146 247       0.0427870617
147 151        0.195685556
147 169        0.129822722
147 204        0.151667123
147 167       0.0947178534
147 1399       0.0391243084
148 5154       0.0781567754
148 201       0.0507652582
148 170       0.0623525339
148 1396       0.0446838342
148 5152       0.0513981258
149 267        0.193501416
149 1398        0.142941485
149 3255        0.168854362
149 1240        0.110804945
149 1241        0.106586559
150 326        0.115802215
150 248        0.112135235
150 144        0.113599573
150 196        0.111597243
150 193       0.0955635974
151 328        0.141268901
151 275        0.137571685
151 168       0.0539257488
151 274       0.0850198516
151 330        0.054480517
152 182        0.477602007
152 322        0.466737834
152 4932        0.437714067
152 4935        0.422904102
152 4937        0.363561036
153 271        0.131187913
153 268       0.0644569344
153 1400        0.117401911
153 272        0.041217261
153 267          0.1074004
154 227        0.115560089
154 728       0.0824845041
154 289        0.112401186
154 288       0.0770422283
154 894        0.101350586
155 214       0.0927224647
155 215       0.0512887844
155 606       0.0759030044
155 633       0.0232546202
155 634      0.00970943839
156 727        0.137022066
156 162        0.101815286
156 641       0.0957511727
156 228       0.0999966014
156 729       0.0450542539
157 219         0.12876794
157 165       0.0754359323
157 635       0.0918685008
157 278       0.0746994237
157 779       0.0893462118
158 289        0.121050134
158 230       0.0865584565
158 290       0.0968920021
158 162       0.0776445944
158 894       0.0697290556
159 603         0.06023226
159 601       0.0588592303
159 602       0.0601816067
159 600       0.0451213123
159 604       0.0510965434
160 592        0.192961039
160 212        0.169294917
160 226         0.12077719
160 291        0.147651666
160 895       0.0536911994
161 162        0.113365029
161 163       0.0394659745
161 729        0.101971077
161 727        0.038127266
161 641       0.0433681742
162 156        0.101815286
162 727       0.0843933327
162 641       0.0962145002
162 158       0.0776445944
162 729       0.0630350992
163 729        0.122668588
163 161       0.0394659745
163 162        0.112754753
163 727       0.0298891759
163 641       0.0766095512
164 163        0.123826658
164 218        0.111013504
164 224         0.11396945
164 724        0.106763757
164 1238        0.074673862
165 779        0.132442763
165 278       0.0860311607
165 219        0.130121516
165 157       0.0754359323
165 515       0.0972985207
166 1304       0.0824715518
166 563       0.0820479471
166 1395       0.0731699365
166 196       0.0575721377
166 1397       0.0665881693
167 326        0.151321779
167 147       0.0947178534
167 1399        0.122917084
167 169       0.0675557769
167 204       0.0979012475
168 247        0.127920945
168 274        0.106737378
168 328        0.121028194
168 330      0.00231729236
168 151       0.0539257488
169 326        0.170654848
169 167       0.0675557769
169 1399        0.166860897
169 204       0.0303898658
169 147        0.129822722
170 148       0.0623525339
170 201       0.0333823763
170 5153        0.037962262
170 5152       0.0208439931
170 5154       0.0174331902
171 254       0.0565140881
171 556       0.0369111281
171 565       0.0554578163
171 552        0.016930047
171 258       0.0428211574
172 5357        0.367609795
172 3693        0.131588851
172 3694        0.247557201
172 3252      0.00502578209
172 3695        0.174897898
173 379       0.0932733822
173 377       0.0495371697
173 4748       0.0927803225
173 1984       0.0356948825
173 1985       0.0793332158
174 375         1.03480888
174 376         1.03452185
174 4739         1.02939159
174 4737         1.02484264
174 1326        0.994041052
175 1579        0.416536383
175 178        0.246617711
175 5303        0.305536829
175 2529        0.205422036
175 5304        0.299436943
176 1509        0.301587494
176 2528        0.251582766
176 2533       0.0669718736
176 2530        0.164520241
176 179        0.145430164
177 2533        0.398685724
177 2529        0.315629106
177 5307        0.349647522
177 179        0.193307011
177 176         0.33233303
178 4869        0.512084913
178 2529        0.447811098
178 2534        0.432500415
178 175        0.246617711
178 1579        0.194626625
179 2528         0.31307822
179 2530         0.23135805
179 2533        0.212270346
179 176        0.145430164
179 177        0.193307011
180 5313        0.265519801
180 1577         0.20169514
180 4732         0.25167598
180 26         0.19257691
180 2515        0.204542317
181 5355       0.0787390827
181 5349       0.0298134087
181 5350       0.0729655668
181 3991       0.0200688301
181 5353       0.0500166056
182 4939        0.520777513
182 5217        0.505688969
182 2958        0.466443376
182 152        0.477602007
182 322       0.0108787593
183 266       0.0997288259
183 3236        0.027569873
183 263       0.0922706154
183 3237      0.00447547623
183 1106       0.0416098604
184 543       0.0698461787
184 546       0.0697190139
184 555        0.058405605
184 557       0.0581649216
184 1405       0.0237357463
185 548       0.0805945157
185 192       0.0496512499
185 190       0.0627028779
185 550       0.0317275864
185 543       0.0607049026
186 550        0.105794297
186 548        0.104621676
186 190       0.0610806491
186 551        0.040290802
186 194       0.0338218762
187 1402         0.12098229
187 148       0.0850923816
187 170        0.119769463
187 1396       0.0685056677
187 5152       0.0991191396
188 553        0.110105191
188 544         0.10960112
188 1100       0.0862238974
188 250       0.0578632742
188 195       0.0674445595
189 1099       0.0737532491
189 564       0.0515784637
189 1103       0.0710821104
189 144        0.038387851
189 1394       0.0365648714
190 186       0.0610806491
190 550       0.0448704479
190 548       0.0597108352
190 551       0.0223070827
190 194       0.0382069278
191 194        0.147630435
191 186        0.125303523
191 1402        0.127247894
191 562        0.115198551
191 1403       0.0976513988
192 551       0.0779228653
192 550       0.0713761751
192 190       0.0716664461
192 543       0.0337336447
192 185       0.0496512499
193 544        0.127317167
193 554        0.099633482
193 189        0.110310862
193 144       0.0729512867
193 150       0.0955635974
194 550       0.0789943222
194 548        0.070963508
194 190       0.0382069278
194 551       0.0281741818
194 186       0.0338218762
195 250       0.0735951987
195 188       0.0674445595
195 1100       0.0278089384
195 544       0.0429382792
195 545       0.0631885644
196 1304       0.0925048422
196 325       0.0740540716
196 326         0.07238539
196 248       0.0348091634
196 166       0.0575721377
197 4501        0.447699819
197 261        0.154019911
197 5148        0.417886612
197 265        0.124407046
197 3239        0.010771475
198 200        0.242902134
198 253        0.214647584
198 549        0.194434427
198 1404        0.146008224
198 199        0.181399085
199 548        0.195755154
199 1403        0.126974634
199 198        0.181399085
199 1404       0.0515860669
199 1402         0.17683373
200 548        0.278207094
200 253        0.158884993
200 198        0.242902134
200 549       0.0528910102
200 249        0.201304668
201 5153       0.0517397318
201 148       0.0507652582
201 5154       0.0396190586
201 5152       0.0434470789
201 170       0.0333823763
202 564         0.06685862
202 1098       0.0636873021
202 1103       0.0538043442
202 1101       0.0183768825
202 1099       0.0310793251
203 2749       0.0876307921
203 3238       0.0515858783
203 3185       0.0794720537
203 1807       0.0328351008
203 277       0.0741843432
204 326        0.188376785
204 167       0.0979012475
204 150        0.172385102
204 169       0.0303898658
204 147        0.151667123
205 3555        0.190877842
205 3430        0.156048019
205 3419        0.170591796
205 3418        0.127905373
205 3423        0.141823632
206 5116        0.140002868
206 100        0.100736475
206 207        0.106262722
206 98       0.0833232428
206 5427        0.100504654
207 96        0.124225493
207 206        0.106262722
207 98        0.111240854
207 97       0.0842900223
207 5128       0.0923955471
208 939        0.123222731
208 231        0.100503913
208 1218        0.101624197
208 1219       0.0778277606
208 1217       0.0823767143
209 1211       0.0581739587
209 1214       0.0173490085
209 221       0.0494230947
209 1213      0.00607247523
209 1212       0.0316211685
210 847       0.0915087881
210 850       0.0460428277
210 2470       0.0861537873
210 849       0.0405609622
210 848       0.0352663441
211 851        0.142186821
211 4735       0.0783819476
211 4711       0.0852475607
211 1       0.0767972479
211 4749       0.0819734062
212 3515        0.147803485
212 3553         0.11925005
212 5255        0.145695806
212 291       0.0716211338
212 1224        0.129868892
213 208        0.128354062
213 1219       0.0511741755
213 1216         0.11328439
213 1218       0.0275286011
213 1217       0.0469321728
214 606       0.0685310386
214 599       0.0352760577
214 605       0.0559723702
214 220       0.0274730049
214 596       0.0405916865
215 633       0.0743512362
215 280       0.0711703114
215 595       0.0736125467
215 155       0.0512887844
215 634       0.0524716769
216 597        0.102219881
216 1214       0.0857291857
216 1212        0.100241855
216 209       0.0688498197
216 1213       0.0723405604
217 848        0.085632989
217 2470       0.0689626966
217 850       0.0715739895
217 847       0.0334275374
217 849       0.0669206263
218 724        0.121540338
218 164        0.111013504
218 229        0.112795754
218 725        0.104251747
218 1238       0.0437119714
219 283        0.099930663
219 278       0.0545273317
219 594        0.093864582
219 4706      0.00864312693
219 779       0.0720102071
220 606       0.0818926092
220 599       0.0349124121
220 605       0.0596338584
220 214       0.0274730049
220 596       0.0453116286
221 209       0.0494230947
221 1214        0.032500433
221 1213       0.0468416321
221 1212       0.0199232606
221 1211        0.011184461
222 2469       0.0648125297
222 2466         0.05439883
222 639       0.0588215408
222 722       0.0508692156
222 2472       0.0567190971
223 1214       0.0585385996
223 221       0.0554434574
223 1213       0.0567091378
223 1212       0.0460656113
223 1211        0.051592815
224 619        0.167730843
224 218        0.162559877
224 728        0.160388595
224 164         0.11396945
224 1238         0.12161599
225 852       0.0454044982
225 637       0.0208191365
225 636       0.0439326726
225 5145       0.0099202705
225 2473       0.0417278198
226 619        0.146590714
226 723        0.145217421
226 592        0.085690481
226 160         0.12077719
226 895       0.0798515276
227 894        0.160255295
227 289        0.123370752
227 290        0.149041826
227 154        0.115560089
227 288        0.103977342
228 230        0.117388613
228 156       0.0999966014
228 1775        0.104963894
228 1253       0.0923464626
228 5266       0.0905000594
229 558        0.183704228
229 233        0.173158638
229 1238        0.154835672
229 218        0.112795754
229 725         0.12319199
230 729         0.14848552
230 228        0.117388613
230 894        0.145364216
230 162        0.113691466
230 158       0.0865584565
231 1217        0.120430776
231 208        0.100503913
231 1219         0.11860621
231 232       0.0866921827
231 1220       0.0537231815
232 1219        0.200530967
232 208        0.185493102
232 938        0.197035609
232 231       0.0866921827
232 1220       0.0345346112
233 4749        0.203834449
233 4711        0.200560209
233 725        0.134142061
233 229        0.173158638
233 640       0.0610505667
234 4095        0.245084346
234 4096        0.242203657
234 112        0.228180727
234 308       0.0090987153
234 245        0.118544167
235 243        0.137813835
235 238       0.0848006356
235 242        0.108169849
235 239       0.0659638815
235 1813       0.0719781783
236 235        0.201152009
236 243        0.190594833
236 237        0.194842549
236 1813        0.174341816
236 239        0.182230616
237 236        0.194842549
237 1813        0.132817504
237 242         0.17456899
237 243       0.0709369279
237 239        0.139483416
238 112        0.163785764
238 239        0.146307466
238 1813        0.153834977
238 235       0.0848006356
238 242          0.1486598
239 237        0.139483416
239 235       0.0659638815
239 242       0.0849783496
239 1813       0.0092451662
239 243       0.0718814095
240 4509        0.211305651
240 488        0.187045452
240 489        0.192180711
240 1814       0.0140667537
240 4491       0.0578656521
241 4949        0.397055958
241 4730       0.0200446166
241 4879        0.120493301
241 307      0.00955566338
241 4753       0.0401501959
242 243        0.108288701
242 1813       0.0924158991
242 235        0.108169849
242 239       0.0849783496
242 112       0.0968491778
243 235        0.137813835
243 237       0.0709369279
243 242        0.108288701
243 1813       0.0669870639
243 239       0.0718814095
244 1275        0.274370392
244 645        0.231763433
244 1968        0.269728505
244 1274        0.216122224
244 4930        0.230956089
245 235        0.267954999
245 238        0.187404054
245 112         0.21852159
245 308        0.127287135
245 234        0.118544167
246 4953        0.118495368
246 4096       0.0567528351
246 4095       0.0600720843
246 4098       0.0286026258
246 4097       0.0256543591
247 325       0.0891467542
247 146       0.0427870617
247 1304       0.0761927735
247 324       0.0373098964
247 327       0.0567205113
248 247         0.10523511
248 325       0.0410035448
248 166       0.0917586292
248 196       0.0348091634
248 326       0.0381158439
249 190        0.130026476
249 550        0.091177522
249 185        0.105299615
249 548       0.0830433131
249 253       0.0501992661
250 195       0.0735951987
250 188       0.0578632742
250 1100       0.0721424111
250 1098       0.0552525931
250 1103       0.0701201835
251 170       0.0717802684
251 552       0.0507603455
251 171        0.065693731
251 5153       0.0356950701
251 5154        0.055377537
252 188         0.12658892
252 545       0.0873701659
252 195        0.121958501
252 553       0.0498214238
252 547        0.066964228
253 185         0.15533559
253 549        0.122695305
253 550        0.138936814
253 548        0.119380152
253 249       0.0501992661
254 556       0.0766152867
254 171       0.0565140881
254 552       0.0716162829
254 257         0.05314195
254 259       0.0213951185
255 1099       0.0894752145
255 1101       0.0842809883
255 1395       0.0611270238
255 202       0.0684532036
255 1102       0.0525527206
256 1396        0.256612628
256 199        0.232051018
256 260        0.252553022
256 187        0.193724476
256 1404        0.201325291
257 171        0.105911875
257 332        0.105635248
257 145        0.080834001
257 254         0.05314195
257 259       0.0444461356
258 563        0.058534411
258 565       0.0142518212
258 552        0.045978358
258 556       0.0104339008
258 171       0.0428211574
259 556       0.0979966913
259 171       0.0764540476
259 552       0.0905069817
259 254       0.0213951185
259 257       0.0444461356
260 3236        0.235673417
260 3237        0.230267682
260 263        0.140292198
260 183        0.229736962
260 273         0.10035532
261 549        0.548028306
261 265        0.278323754
261 198        0.456941214
261 197        0.154019911
261 3239        0.146495389
262 268        0.140933678
262 271       0.0490579967
262 1398       0.0867597442
262 3255       0.0460928829
262 1401       0.0418421027
263 1106        0.131596407
263 3236       0.0954004581
263 183       0.0922706154
263 3237       0.0920053911
263 273       0.0411451679
264 5148         0.13828759
264 450       0.0118775429
264 4500        0.129237105
264 3240      0.00693465574
264 270       0.0149866225
265 4501        0.340315031
265 261        0.278323754
265 5148        0.297641005
265 197        0.124407046
265 3239        0.132713211
266 332        0.129588211
266 3237        0.097367652
266 183       0.0997288259
266 3236        0.086548899
266 1106       0.0872306818
267 153          0.1074004
267 272       0.0680324458
267 5213       0.0602824506
267 5209       0.0571572647
267 268        0.043902746
268 5209       0.0926845037
268 153       0.0644569344
268 5213       0.0873188864
268 272       0.0241510633
268 267        0.043902746
269 2737         0.40508496
269 1242        0.338199112
269 2972        0.385109372
269 5212      0.00365312919
269 372        0.248440122
270 4503         0.12556739
270 264       0.0149866225
270 4500        0.115079085
270 450      0.00592438102
270 3240       0.0101149353
271 268        0.125129645
271 272        0.118295162
271 3255       0.0937383467
271 262       0.0490579967
271 1401       0.0306718925
272 5209        0.114239101
272 153        0.041217261
272 5213        0.106388837
272 268       0.0241510633
272 267       0.0680324458
273 3236        0.135781604
273 3237        0.129961647
273 260         0.10035532
273 183        0.129545219
273 263       0.0411451679
274 168        0.106737378
274 151       0.0850198516
274 330        0.105280646
274 275       0.0718551956
274 328       0.0944612044
275 329        0.165722447
275 328        0.153329419
275 153        0.146869086
275 274       0.0718551956
275 151        0.137571685
276 486        0.273662301
276 491        0.190889655
276 4951        0.192820931
276 4929        0.166959044
276 490        0.175717513
277 3186        0.053663627
277 3238       0.0326940811
277 3185       0.0327277043
277 2749       0.0143770024
277 2756       0.0228200507
278 165       0.0860311607
278 4706       0.0628602281
278 157       0.0746994237
278 219       0.0545273317
278 779       0.0535529408
279 163        0.152064973
279 161         0.11624438
279 725         0.12136862
279 724       0.0662318326
279 641        0.111854907
280 220       0.0966118817
280 214       0.0828764868
280 215       0.0711703114
280 596       0.0524740343
280 281        0.047537406
281 214         0.13037469
281 596       0.0973652393
281 595        0.116780948
281 280        0.047537406
281 215        0.103328796
282 723        0.453753279
282 5269        0.171658844
282 286        0.441175936
282 5333      0.00458334618
282 896        0.435756306
283 598         0.10990459
283 4706       0.0912910836
283 219        0.099930663
283 287       0.0118743421
283 593       0.0916028058
284 1774        0.121478045
284 1771        0.109383622
284 2545        0.102895288
284 1773       0.0171540538
284 1778       0.0688149113
285 867        0.162697968
285 558         0.10211547
285 286        0.161852999
285 726       0.0301482702
285 868       0.0666879507
286 726        0.187702694
286 285        0.161852999
286 868        0.130128681
286 593        0.156113073
286 867       0.0738817004
287 219        0.108074817
287 4706       0.0994890321
287 598        0.107130518
287 283       0.0118743421
287 593       0.0813538356
288 227        0.103977342
288 290       0.0522053469
288 154       0.0770422283
288 289        0.035935093
288 894       0.0563947564
289 154        0.112401186
289 288        0.035935093
289 893         0.08078314
289 290       0.0267627746
289 894       0.0555001043
290 158       0.0968920021
290 894       0.0386951672
290 893        0.083131815
290 289       0.0267627746
290 288       0.0522053469
291 3553        0.177977034
291 160        0.147651666
291 940        0.108430169
291 212       0.0716211338
291 1224       0.0839408089
292 4741        0.270168626
292 1248        0.260455129
292 1637        0.262710026
292 1226         0.15878693
292 4824        0.105457358
293 284        0.157573994
293 589       0.0968516021
293 2545        0.103283962
293 1208       0.0491139642
293 1778       0.0890148205
294 1262        0.287035068
294 694        0.222890332
294 1266        0.157176869
294 1260        0.145996582
